15
m[0] = 26.046846
m[1] = 25.209937
m[2] = 95.637196
m[3] = 27.058992
m[4] = 2.812799
m[5] = 22.536058
m[6] = 24.723502
m[7] = 77.699545
m[8] = 48.912290
m[9] = 56.124210
m[10] = 80.654408
m[11] = 95.909116
m[12] = 42.084078
m[13] = 95.797327
m[14] = 10.209021
